BG:0;Apple:1;Banana:2;circle:3;Cocona:4
#1:img1.png
1,113,75,308,261,img1_0000.png
2,649,71,848,218,img1_0001.png
3,1016,267,1154,429,img1_0002.png
3,516,313,648,456,img1_0003.png
2,134,519,387,701,img1_0004.png
1,823,498,967,676,img1_0005.png
#END
#2:img2.png
3,174,325,315,488,img2_0000.png
3,340,580,473,721,img2_0001.png
3,728,163,878,346,img2_0002.png
#END
#3:img3.png
2,702,39,899,187,img3_0000.png
2,119,373,375,559,img3_0001.png
2,797,516,994,615,img3_0002.png
#END
#4:img4.png
1,594,130,738,269,img4_0000.png
1,251,505,456,691,img4_0001.png
1,938,487,1137,735,img4_0002.png
#END
#5:img5.png
3,115,65,253,227,img5_0000.png
1,477,151,653,312,img5_0001.png
3,878,45,1011,186,img5_0002.png
3,1002,290,1153,475,img5_0003.png
2,700,279,899,379,img5_0004.png
2,849,507,1095,685,img5_0005.png
2,287,335,486,481,img5_0006.png
1,139,550,331,732,img5_0007.png
1,494,506,667,718,img5_0008.png
#END